{
 "cells": [
  {
   "cell_type": "markdown",
   "metadata": {},
   "source": [
    "## Multi class classification using logistic regression"
   ]
  },
  {
   "cell_type": "markdown",
   "metadata": {},
   "source": [
    "For each sample in the dataset, we start calculating probability of the Reference Class \n",
    "\n",
    "Z of A = Constant-A + Xi .Coeff-A\n",
    "Z of B = Constant-B + Xi.Coeff-B\n",
    "Z of C = Constant-C + Xi.Coeff-C\n",
    "\n",
    "P[Y=A] = exp(Z of A) / (exp(Z of A) + exp(Z of B) + exp(Z of C)\n",
    "\n",
    "P[Y=B] = exp(Z of B) /(exp(Z of A) + exp(Z of B) + exp(Z of C)\n",
    "\n",
    "P[Y=C] = exp(Z of C) /(exp(Z of A) + exp(Z of B) + exp(Z of C)\n"
   ]
  },
  {
   "cell_type": "code",
   "execution_count": 15,
   "metadata": {},
   "outputs": [],
   "source": [
    "from sklearn.metrics import accuracy_score\n",
    "from sklearn import metrics\n",
    "from sklearn.linear_model import LogisticRegression\n",
    "from sklearn.model_selection import train_test_split\n",
    "\n",
    "import pandas as pd\n",
    "import os\n"
   ]
  },
  {
   "cell_type": "code",
   "execution_count": 6,
   "metadata": {},
   "outputs": [
    {
     "data": {
      "text/html": [
       "<div>\n",
       "<style scoped>\n",
       "    .dataframe tbody tr th:only-of-type {\n",
       "        vertical-align: middle;\n",
       "    }\n",
       "\n",
       "    .dataframe tbody tr th {\n",
       "        vertical-align: top;\n",
       "    }\n",
       "\n",
       "    .dataframe thead th {\n",
       "        text-align: right;\n",
       "    }\n",
       "</style>\n",
       "<table border=\"1\" class=\"dataframe\">\n",
       "  <thead>\n",
       "    <tr style=\"text-align: right;\">\n",
       "      <th></th>\n",
       "      <th>sepal_length</th>\n",
       "      <th>sepal_width</th>\n",
       "      <th>petal_length</th>\n",
       "      <th>petal_width</th>\n",
       "      <th>species</th>\n",
       "    </tr>\n",
       "  </thead>\n",
       "  <tbody>\n",
       "    <tr>\n",
       "      <th>0</th>\n",
       "      <td>5.1</td>\n",
       "      <td>3.5</td>\n",
       "      <td>1.4</td>\n",
       "      <td>0.2</td>\n",
       "      <td>Iris-setosa</td>\n",
       "    </tr>\n",
       "    <tr>\n",
       "      <th>1</th>\n",
       "      <td>4.9</td>\n",
       "      <td>3.0</td>\n",
       "      <td>1.4</td>\n",
       "      <td>0.2</td>\n",
       "      <td>Iris-setosa</td>\n",
       "    </tr>\n",
       "    <tr>\n",
       "      <th>2</th>\n",
       "      <td>4.7</td>\n",
       "      <td>3.2</td>\n",
       "      <td>1.3</td>\n",
       "      <td>0.2</td>\n",
       "      <td>Iris-setosa</td>\n",
       "    </tr>\n",
       "    <tr>\n",
       "      <th>3</th>\n",
       "      <td>4.6</td>\n",
       "      <td>3.1</td>\n",
       "      <td>1.5</td>\n",
       "      <td>0.2</td>\n",
       "      <td>Iris-setosa</td>\n",
       "    </tr>\n",
       "    <tr>\n",
       "      <th>4</th>\n",
       "      <td>5.0</td>\n",
       "      <td>3.6</td>\n",
       "      <td>1.4</td>\n",
       "      <td>0.2</td>\n",
       "      <td>Iris-setosa</td>\n",
       "    </tr>\n",
       "  </tbody>\n",
       "</table>\n",
       "</div>"
      ],
      "text/plain": [
       "   sepal_length  sepal_width  petal_length  petal_width      species\n",
       "0           5.1          3.5           1.4          0.2  Iris-setosa\n",
       "1           4.9          3.0           1.4          0.2  Iris-setosa\n",
       "2           4.7          3.2           1.3          0.2  Iris-setosa\n",
       "3           4.6          3.1           1.5          0.2  Iris-setosa\n",
       "4           5.0          3.6           1.4          0.2  Iris-setosa"
      ]
     },
     "execution_count": 6,
     "metadata": {},
     "output_type": "execute_result"
    }
   ],
   "source": [
    "os.chdir('C:\\\\Users\\\\satish\\\\Downloads\\\\')\n",
    "\n",
    "# load data\n",
    "iris = pd.read_csv(\"iris.csv\")\n",
    "iris.head()"
   ]
  },
  {
   "cell_type": "code",
   "execution_count": 7,
   "metadata": {},
   "outputs": [],
   "source": [
    "X= iris[['sepal_length', 'sepal_width', 'petal_length', 'petal_width']]\n",
    "y= iris[['species']]"
   ]
  },
  {
   "cell_type": "code",
   "execution_count": 8,
   "metadata": {},
   "outputs": [
    {
     "name": "stdout",
     "output_type": "stream",
     "text": [
      "(105, 4)\n",
      "(45, 4)\n",
      "(105, 1)\n",
      "(45, 1)\n"
     ]
    }
   ],
   "source": [
    "#split into train and test\n",
    "\n",
    "(X_train,X_test,y_train,y_test) = train_test_split(X, y, test_size = 0.3, stratify = y, random_state = 100)\n",
    "\n",
    "print(X_train.shape)\n",
    "print(X_test.shape)\n",
    "print(y_train.shape)\n",
    "print(y_test.shape)"
   ]
  },
  {
   "cell_type": "code",
   "execution_count": 13,
   "metadata": {},
   "outputs": [
    {
     "name": "stdout",
     "output_type": "stream",
     "text": [
      "Classes: \n",
      "['Iris-setosa' 'Iris-versicolor' 'Iris-virginica']\n",
      "Probabilities: \n",
      "[[2.52912257e-02 9.42004941e-01 3.27038334e-02]\n",
      " [1.36993060e-02 8.98360608e-01 8.79400862e-02]\n",
      " [9.80542481e-01 1.94574301e-02 8.89385142e-08]\n",
      " [9.76218540e-01 2.37813231e-02 1.36559484e-07]\n",
      " [9.46888734e-01 5.31108053e-02 4.60627424e-07]\n",
      " [3.88356130e-05 2.74594042e-02 9.72501760e-01]\n",
      " [2.21813022e-04 6.84388624e-02 9.31339325e-01]\n",
      " [1.49523108e-03 6.62027801e-01 3.36476968e-01]\n",
      " [6.05997847e-04 3.33048227e-01 6.66345775e-01]\n",
      " [6.89894520e-04 2.49123197e-01 7.50186909e-01]\n",
      " [9.35959954e-01 6.40395497e-02 4.96540811e-07]\n",
      " [9.94185689e-01 5.81429879e-03 1.22727290e-08]\n",
      " [2.09033344e-03 4.32985670e-01 5.64923996e-01]\n",
      " [2.20366635e-03 5.06974459e-01 4.90821875e-01]\n",
      " [9.82755326e-01 1.72445442e-02 1.30021595e-07]\n",
      " [1.19152045e-03 5.22455770e-01 4.76352709e-01]\n",
      " [4.20244052e-03 8.18803652e-01 1.76993908e-01]\n",
      " [3.62875024e-04 2.05336770e-01 7.94300355e-01]\n",
      " [1.92505657e-04 1.69930504e-01 8.29876990e-01]\n",
      " [5.10906452e-03 8.66570136e-01 1.28320799e-01]\n",
      " [3.64522059e-02 9.40850859e-01 2.26969355e-02]\n",
      " [9.57522558e-01 4.24770896e-02 3.52120943e-07]\n",
      " [2.04996015e-05 3.87192453e-02 9.61260255e-01]\n",
      " [1.43750864e-05 2.02296217e-02 9.79756003e-01]\n",
      " [1.63342212e-04 1.10375461e-01 8.89461197e-01]\n",
      " [9.06214932e-03 8.11612234e-01 1.79325616e-01]\n",
      " [9.64799408e-01 3.52004204e-02 1.71446736e-07]\n",
      " [1.53068540e-01 8.42850618e-01 4.08084260e-03]\n",
      " [9.66780872e-01 3.32183612e-02 7.66624360e-07]\n",
      " [8.28268447e-03 9.06500145e-01 8.52171704e-02]\n",
      " [9.90889735e-02 8.85940614e-01 1.49704122e-02]\n",
      " [1.11705052e-02 8.60986783e-01 1.27842712e-01]\n",
      " [9.70956418e-01 2.90434627e-02 1.19498998e-07]\n",
      " [9.85290389e-01 1.47095377e-02 7.31171895e-08]\n",
      " [9.64019566e-01 3.59801147e-02 3.19266578e-07]\n",
      " [4.16569270e-07 6.95178255e-03 9.93047801e-01]\n",
      " [9.63167371e-01 3.68321318e-02 4.96826176e-07]\n",
      " [1.30810000e-04 5.48847577e-02 9.44984432e-01]\n",
      " [1.41653884e-02 9.70371976e-01 1.54626361e-02]\n",
      " [1.52455366e-02 7.63201259e-01 2.21553205e-01]\n",
      " [2.68160534e-06 2.79221954e-02 9.72075123e-01]\n",
      " [1.38541202e-02 7.74074579e-01 2.12071301e-01]\n",
      " [2.30847433e-02 8.79395883e-01 9.75193732e-02]\n",
      " [4.12990542e-05 6.41544306e-02 9.35804270e-01]\n",
      " [8.53246249e-06 2.27379729e-02 9.77253495e-01]\n",
      " [9.33573121e-03 8.41624445e-01 1.49039824e-01]\n",
      " [9.69842118e-01 3.01577045e-02 1.77078319e-07]\n",
      " [1.03970087e-05 4.56567223e-02 9.54332881e-01]\n",
      " [4.84881565e-03 9.17667105e-01 7.74840796e-02]\n",
      " [9.67992237e-01 3.20075949e-02 1.68384969e-07]\n",
      " [2.54058356e-02 9.10329745e-01 6.42644193e-02]\n",
      " [3.03565088e-08 3.15423468e-03 9.96845735e-01]\n",
      " [5.38864792e-05 2.08378290e-01 7.91567824e-01]\n",
      " [5.87349671e-02 8.89214339e-01 5.20506935e-02]\n",
      " [7.62845697e-03 8.25526570e-01 1.66844973e-01]\n",
      " [4.23908302e-05 5.96800003e-02 9.40277609e-01]\n",
      " [9.79105890e-01 2.08939568e-02 1.52928613e-07]\n",
      " [6.24603654e-03 7.07147958e-01 2.86606006e-01]\n",
      " [4.22107110e-03 4.67092934e-01 5.28685995e-01]\n",
      " [9.83809970e-01 1.61899667e-02 6.37255944e-08]\n",
      " [5.16584097e-02 9.39029597e-01 9.31199307e-03]\n",
      " [8.18397088e-02 9.13220314e-01 4.93997752e-03]\n",
      " [1.81562100e-01 8.14282445e-01 4.15545484e-03]\n",
      " [3.13440527e-06 4.39330615e-02 9.56063804e-01]\n",
      " [9.68686423e-01 3.13133144e-02 2.62390063e-07]\n",
      " [9.42071408e-01 5.79281534e-02 4.38300246e-07]\n",
      " [1.16366311e-04 1.28964611e-01 8.70919022e-01]\n",
      " [9.88944257e-01 1.10557165e-02 2.67999005e-08]\n",
      " [9.67699458e-01 3.23003216e-02 2.19904594e-07]\n",
      " [9.76216173e-01 2.37837242e-02 1.03143055e-07]\n",
      " [1.63763464e-04 1.77484186e-01 8.22352051e-01]\n",
      " [2.07222057e-03 8.12930211e-01 1.84997569e-01]\n",
      " [2.30098991e-05 1.02041260e-01 8.97935730e-01]\n",
      " [6.64255719e-04 2.14155387e-01 7.85180357e-01]\n",
      " [9.82367348e-01 1.76325683e-02 8.34663227e-08]\n",
      " [1.12333420e-02 9.31148575e-01 5.76180834e-02]\n",
      " [6.62697541e-04 2.29811006e-01 7.69526297e-01]\n",
      " [9.79919428e-01 2.00805154e-02 5.63199985e-08]\n",
      " [1.49826702e-04 7.63100759e-02 9.23540097e-01]\n",
      " [2.62337879e-02 9.44541248e-01 2.92249637e-02]\n",
      " [9.61228130e-01 3.87716876e-02 1.82349576e-07]\n",
      " [9.84833344e-01 1.51666040e-02 5.23883004e-08]\n",
      " [9.67693086e-01 3.23067883e-02 1.25449748e-07]\n",
      " [2.38194540e-02 9.31094521e-01 4.50860246e-02]\n",
      " [9.76591241e-01 2.34085318e-02 2.27218694e-07]\n",
      " [1.94857968e-03 7.31799643e-01 2.66251777e-01]\n",
      " [9.78334364e-01 2.16655124e-02 1.23753992e-07]\n",
      " [9.61228130e-01 3.87716876e-02 1.82349576e-07]\n",
      " [9.81508947e-01 1.84909610e-02 9.22002619e-08]\n",
      " [9.72767064e-01 2.72328618e-02 7.42611123e-08]\n",
      " [2.35797591e-05 3.37244030e-02 9.66252017e-01]\n",
      " [2.20795518e-04 2.01251268e-01 7.98527936e-01]\n",
      " [5.07144119e-06 5.65903194e-02 9.43404609e-01]\n",
      " [3.16911397e-05 4.92242954e-02 9.50744014e-01]\n",
      " [3.52215276e-07 1.09833926e-02 9.89016255e-01]\n",
      " [1.05076118e-03 4.35404919e-01 5.63544320e-01]\n",
      " [9.84172671e-01 1.58272501e-02 7.93854723e-08]\n",
      " [1.10378635e-03 2.95147623e-01 7.03748591e-01]\n",
      " [3.91711014e-03 7.98629216e-01 1.97453674e-01]\n",
      " [9.72639831e-01 2.73600434e-02 1.25646235e-07]\n",
      " [9.62828521e-01 3.71709894e-02 4.90041869e-07]\n",
      " [3.46925602e-02 9.46040038e-01 1.92674021e-02]\n",
      " [1.03644931e-04 1.31176041e-01 8.68720314e-01]\n",
      " [8.55059750e-03 9.10495024e-01 8.09543785e-02]\n",
      " [1.08017177e-02 5.79409974e-01 4.09788309e-01]]\n",
      "Predictions: \n",
      "['Iris-versicolor' 'Iris-versicolor' 'Iris-setosa' 'Iris-setosa'\n",
      " 'Iris-setosa' 'Iris-virginica' 'Iris-virginica' 'Iris-versicolor'\n",
      " 'Iris-virginica' 'Iris-virginica' 'Iris-setosa' 'Iris-setosa'\n",
      " 'Iris-virginica' 'Iris-versicolor' 'Iris-setosa' 'Iris-versicolor'\n",
      " 'Iris-versicolor' 'Iris-virginica' 'Iris-virginica' 'Iris-versicolor'\n",
      " 'Iris-versicolor' 'Iris-setosa' 'Iris-virginica' 'Iris-virginica'\n",
      " 'Iris-virginica' 'Iris-versicolor' 'Iris-setosa' 'Iris-versicolor'\n",
      " 'Iris-setosa' 'Iris-versicolor' 'Iris-versicolor' 'Iris-versicolor'\n",
      " 'Iris-setosa' 'Iris-setosa' 'Iris-setosa' 'Iris-virginica' 'Iris-setosa'\n",
      " 'Iris-virginica' 'Iris-versicolor' 'Iris-versicolor' 'Iris-virginica'\n",
      " 'Iris-versicolor' 'Iris-versicolor' 'Iris-virginica' 'Iris-virginica'\n",
      " 'Iris-versicolor' 'Iris-setosa' 'Iris-virginica' 'Iris-versicolor'\n",
      " 'Iris-setosa' 'Iris-versicolor' 'Iris-virginica' 'Iris-virginica'\n",
      " 'Iris-versicolor' 'Iris-versicolor' 'Iris-virginica' 'Iris-setosa'\n",
      " 'Iris-versicolor' 'Iris-virginica' 'Iris-setosa' 'Iris-versicolor'\n",
      " 'Iris-versicolor' 'Iris-versicolor' 'Iris-virginica' 'Iris-setosa'\n",
      " 'Iris-setosa' 'Iris-virginica' 'Iris-setosa' 'Iris-setosa' 'Iris-setosa'\n",
      " 'Iris-virginica' 'Iris-versicolor' 'Iris-virginica' 'Iris-virginica'\n",
      " 'Iris-setosa' 'Iris-versicolor' 'Iris-virginica' 'Iris-setosa'\n",
      " 'Iris-virginica' 'Iris-versicolor' 'Iris-setosa' 'Iris-setosa'\n",
      " 'Iris-setosa' 'Iris-versicolor' 'Iris-setosa' 'Iris-versicolor'\n",
      " 'Iris-setosa' 'Iris-setosa' 'Iris-setosa' 'Iris-setosa' 'Iris-virginica'\n",
      " 'Iris-virginica' 'Iris-virginica' 'Iris-virginica' 'Iris-virginica'\n",
      " 'Iris-virginica' 'Iris-setosa' 'Iris-virginica' 'Iris-versicolor'\n",
      " 'Iris-setosa' 'Iris-setosa' 'Iris-versicolor' 'Iris-virginica'\n",
      " 'Iris-versicolor' 'Iris-versicolor']\n",
      "Parameters: \n",
      "coeff: [[-0.4119999   0.78062659 -2.26809219 -0.93512528]\n",
      " [ 0.47678814 -0.38252938 -0.10256312 -0.93615913]\n",
      " [-0.06478823 -0.39809721  2.37065531  1.87128441]]\n",
      "intercept: [  9.3239473    2.11595771 -11.43990501]\n"
     ]
    },
    {
     "name": "stderr",
     "output_type": "stream",
     "text": [
      "C:\\Users\\satish\\anaconda3\\lib\\site-packages\\sklearn\\utils\\validation.py:63: DataConversionWarning: A column-vector y was passed when a 1d array was expected. Please change the shape of y to (n_samples, ), for example using ravel().\n",
      "  return f(*args, **kwargs)\n"
     ]
    }
   ],
   "source": [
    "model = LogisticRegression(multi_class = 'multinomial', random_state = 0, solver = \"newton-cg\")\n",
    "\n",
    "# fit the model\n",
    "model.fit(X_train, y_train)\n",
    "\n",
    "print(\"Classes: \")\n",
    "print(model.classes_)\n",
    "\n",
    "# display estimated probabilities that Y belongs to the class\n",
    "print(\"Probabilities: \")\n",
    "probab = model.predict_proba(X_train)\n",
    "print(probab)\n",
    "\n",
    "# predict for given X. This is Training Data.\n",
    "print(\"Predictions: \")\n",
    "print(model.predict(X_train))\n",
    "\n",
    "# Display model coefficient and constant\n",
    "print(\"Parameters: \")\n",
    "\n",
    "print(\"coeff:\",model.coef_)\n",
    "print(\"intercept:\",model.intercept_)"
   ]
  },
  {
   "cell_type": "code",
   "execution_count": 19,
   "metadata": {},
   "outputs": [
    {
     "name": "stdout",
     "output_type": "stream",
     "text": [
      "Test data performance:\n",
      "                 precision    recall  f1-score   support\n",
      "\n",
      "    Iris-setosa       1.00      1.00      1.00        15\n",
      "Iris-versicolor       0.88      1.00      0.94        15\n",
      " Iris-virginica       1.00      0.87      0.93        15\n",
      "\n",
      "       accuracy                           0.96        45\n",
      "      macro avg       0.96      0.96      0.96        45\n",
      "   weighted avg       0.96      0.96      0.96        45\n",
      "\n",
      "Accuracy:  0.9555555555555556\n",
      "[[15  0  0]\n",
      " [ 0 15  0]\n",
      " [ 0  2 13]]\n"
     ]
    }
   ],
   "source": [
    "# test data performance \n",
    "print(\"Test data performance:\")\n",
    "print(metrics.classification_report(y_test, model.predict(X_test)))\n",
    "print(\"Accuracy: \", metrics.accuracy_score(y_test, model.predict(X_test)))\n",
    "\n",
    "# Display confusion matrix\n",
    "print(metrics.confusion_matrix(y_test, model.predict(X_test), labels = ['Iris-setosa', 'Iris-versicolor', 'Iris-virginica']))\n"
   ]
  },
  {
   "cell_type": "markdown",
   "metadata": {},
   "source": [
    "### We can see it has 2% less accuracy than LDA for the same dataset"
   ]
  },
  {
   "cell_type": "code",
   "execution_count": null,
   "metadata": {},
   "outputs": [],
   "source": []
  }
 ],
 "metadata": {
  "kernelspec": {
   "display_name": "Python 3",
   "language": "python",
   "name": "python3"
  },
  "language_info": {
   "codemirror_mode": {
    "name": "ipython",
    "version": 3
   },
   "file_extension": ".py",
   "mimetype": "text/x-python",
   "name": "python",
   "nbconvert_exporter": "python",
   "pygments_lexer": "ipython3",
   "version": "3.8.5"
  }
 },
 "nbformat": 4,
 "nbformat_minor": 4
}
